0	[80.67840576171875, 81.04959106445312]
1	[49.052059173583984, 46.56014633178711]
2	[60.27324676513672, 55.89562225341797]
3	[81.1071548461914, 81.32084655761719]
4	[79.95213317871094, 80.36400604248047]
5	[81.1866455078125, 81.28218078613281]
6	[77.92454528808594, 77.02208709716797]
7	[80.90882873535156, 81.2194595336914]
8	[81.33436584472656, 81.53499603271484]
9	[33.30162811279297, 28.282981872558594]
10	[42.821998596191406, 38.00240707397461]
11	[52.142967224121094, 47.61982727050781]
12	[80.69906616210938, 80.71802520751953]
13	[80.94317626953125, 81.18956756591797]
14	[58.947383880615234, 56.85243606567383]
15	[81.51182556152344, 81.59239959716797]
16	[80.64181518554688, 80.4719467163086]
17	[69.22438049316406, 67.5533218383789]
18	[80.59793090820312, 80.73242950439453]
19	[52.07905197143555, 48.529075622558594]
20	[81.14701080322266, 81.15392303466797]
21	[80.0750732421875, 80.20140075683594]
22	[47.6198616027832, 43.55033493041992]
23	[78.99761199951172, 78.06318664550781]
24	[81.39625549316406, 81.418701171875]
25	[81.22595977783203, 81.32636260986328]
26	[80.89199829101562, 81.08403778076172]
27	[80.34402465820312, 80.82474517822266]
28	[80.48677825927734, 80.69701385498047]
29	[81.00608825683594, 81.279541015625]
30	[80.91163635253906, 81.22540283203125]
31	[80.29286193847656, 80.56800079345703]
32	[80.53173065185547, 80.75226593017578]
33	[75.07299041748047, 73.82722473144531]
34	[63.419315338134766, 59.53239440917969]
35	[80.6231460571289, 81.01165771484375]
36	[79.95201110839844, 79.87005615234375]
37	[80.9655532836914, 81.30120086669922]
38	[80.27605438232422, 79.83665466308594]
39	[40.12747573852539, 35.798240661621094]
40	[80.883056640625, 81.20570373535156]
41	[77.44174194335938, 76.50899505615234]
42	[81.3426742553711, 81.51900482177734]
43	[76.88452911376953, 76.07537841796875]
44	[81.4225082397461, 81.48674011230469]
45	[55.62295150756836, 53.485069274902344]
46	[80.55865478515625, 80.1268539428711]
47	[74.85074615478516, 73.8719711303711]
48	[79.13695526123047, 78.3907699584961]
49	[59.43496322631836, 56.42436981201172]
50	[77.44146728515625, 76.45608520507812]
51	[80.87873840332031, 80.98287963867188]
52	[56.6083869934082, 51.99894714355469]
53	[71.74407958984375, 68.64619445800781]
54	[78.61226654052734, 77.95873260498047]
55	[77.3470458984375, 76.62435150146484]
56	[81.0271224975586, 81.36970520019531]
57	[81.08743286132812, 81.01158142089844]
58	[80.73310089111328, 80.46148681640625]
59	[73.01640319824219, 71.25259399414062]
60	[69.22075653076172, 67.86796569824219]
61	[80.41387176513672, 80.597412109375]
62	[74.81262969970703, 73.84187316894531]
63	[66.66805267333984, 63.928314208984375]
64	[80.9823226928711, 81.26641845703125]
65	[79.99431610107422, 79.33179473876953]
66	[80.40869903564453, 80.67540740966797]
67	[80.57979583740234, 80.83717346191406]
68	[-9.322413444519043, -14.66546630859375]
69	[73.31544494628906, 71.85376739501953]
70	[81.07581329345703, 81.13352966308594]
71	[80.76881408691406, 80.97136688232422]
72	[66.87040710449219, 65.53670501708984]
73	[80.01244354248047, 79.92066955566406]
74	[63.99533462524414, 61.33903503417969]
75	[80.97407531738281, 80.62480163574219]
76	[81.10092163085938, 81.12950134277344]
77	[80.58245086669922, 80.80722045898438]
78	[80.38604736328125, 80.65304565429688]
79	[77.01300048828125, 75.8865966796875]
80	[68.60941314697266, 65.4203109741211]
81	[32.711368560791016, 28.165746688842773]
82	[80.5027847290039, 80.84182739257812]
83	[80.9223403930664, 81.3228530883789]
84	[80.9250259399414, 81.10630798339844]
85	[80.91541290283203, 81.2098159790039]
86	[67.11161804199219, 64.49365234375]
87	[80.12464904785156, 80.3659439086914]
88	[80.6598892211914, 81.03052520751953]
89	[36.353416442871094, 32.19630813598633]
90	[79.32670593261719, 78.57687377929688]
91	[7.2693023681640625, -0.003058352507650852]
92	[78.90563201904297, 77.99332427978516]
93	[79.27116394042969, 78.78860473632812]
94	[81.40006256103516, 81.48617553710938]
95	[81.1318130493164, 81.4139633178711]
96	[81.18994140625, 81.41949462890625]
97	[16.31521987915039, 13.818474769592285]
98	[80.54924011230469, 80.57913208007812]
99	[81.011962890625, 81.08058166503906]
